96
0,0,D 72
0,0,E 48
0,1,D 24
0,1,E 0
1,0,D 73
1,0,E 49
1,1,D 25
1,1,E 1
10,0,D 82
10,0,E 58
10,1,D 34
10,1,E 10
11,0,D 83
11,0,E 59
11,1,D 35
11,1,E 11
12,0,D 84
12,0,E 60
12,1,D 36
12,1,E 12
13,0,D 85
13,0,E 61
13,1,D 37
13,1,E 13
14,0,D 86
14,0,E 62
14,1,D 38
14,1,E 14
15,0,D 87
15,0,E 63
15,1,D 39
15,1,E 15
16,0,D 88
16,0,E 64
16,1,D 40
16,1,E 16
17,0,D 89
17,0,E 65
17,1,D 41
17,1,E 17
18,0,D 90
18,0,E 66
18,1,D 42
18,1,E 18
19,0,D 91
19,0,E 67
19,1,D 43
19,1,E 19
2,0,D 74
2,0,E 50
2,1,D 26
2,1,E 2
20,0,D 92
20,0,E 68
20,1,D 44
20,1,E 20
21,0,D 93
21,0,E 69
21,1,D 45
21,1,E 21
22,0,D 94
22,0,E 70
22,1,D 46
22,1,E 22
23,0,D 95
23,0,E 71
23,1,D 47
23,1,E 23
3,0,D 75
3,0,E 51
3,1,D 27
3,1,E 3
4,0,D 76
4,0,E 52
4,1,D 28
4,1,E 4
5,0,D 77
5,0,E 53
5,1,D 29
5,1,E 5
6,0,D 78
6,0,E 54
6,1,D 30
6,1,E 6
7,0,D 79
7,0,E 55
7,1,D 31
7,1,E 7
8,0,D 80
8,0,E 56
8,1,D 32
8,1,E 8
9,0,D 81
9,0,E 57
9,1,D 33
9,1,E 9
