96
9,1,E 44
10,1,E 45
0,0,E 2
0,0,D 3
2,0,E 4
2,0,D 5
18,1,D 6
18,1,E 7
4,1,D 8
4,1,E 9
12,0,E 10
12,0,D 11
7,1,E 12
7,1,D 13
22,1,E 14
22,1,D 15
21,1,D 16
21,1,E 17
19,1,E 18
19,1,D 19
13,0,D 20
13,0,E 21
17,0,D 22
17,0,E 23
9,0,D 24
9,0,E 25
8,1,D 26
8,1,E 27
4,0,E 28
4,0,D 29
12,1,D 30
12,1,E 31
22,0,D 32
22,0,E 33
20,1,E 34
20,1,D 35
16,0,E 36
16,0,D 37
1,0,D 38
1,0,E 39
10,0,E 40
10,0,D 41
19,0,D 42
19,0,E 43
10,1,D 0
9,1,D 1
14,1,D 46
14,1,E 47
8,0,E 48
8,0,D 49
23,0,E 50
23,0,D 51
11,1,E 52
11,1,D 53
3,0,D 54
3,0,E 55
6,1,D 56
6,1,E 57
7,0,D 58
7,0,E 59
16,1,D 60
16,1,E 61
14,0,E 62
14,0,D 63
1,1,E 64
1,1,D 65
15,0,D 66
15,0,E 67
15,1,E 68
15,1,D 69
23,1,D 70
23,1,E 71
2,1,D 72
2,1,E 73
21,0,E 74
21,0,D 75
18,0,E 76
18,0,D 77
0,1,D 78
0,1,E 79
11,0,D 80
11,0,E 81
3,1,E 82
3,1,D 83
20,0,D 84
20,0,E 85
5,1,E 86
5,1,D 87
5,0,D 88
5,0,E 89
6,0,E 90
6,0,D 91
13,1,E 92
13,1,D 93
17,1,E 94
17,1,D 95
